772977
-738817
-458444
-922943
63665
-996360
85168
224490
-319593
-571519
428961
-319799
287381
-885732
-658828
-247109
34460
435056
537990
385644
13993
919553
-72109
-227720
-995238
-782894
-253629
259322
982455
462527
506426
-337231
486913
849248
-769033
885580
211115
13962
325398
-504909
560932
888769
-571145
372320
372622
-892930
164076
-29053
347184
-151704
-445002
-714343
-683640
-275460
-957331
39091
-35046
927391
-936733
-804778
-293457
112319
-321958
460009
-621224
-363749
182127
3752
-128606
-712535
-646744
954267
-321854
-80231
-281535
-139108
-469740
309723
-212857
418216
603957
-838348
858015
277801
-504646
-886234
-676773
-893313
910215
-313995
971211
855430
-870617
916493
920543
417514
-442472
-373267
102526
-845554
-823446
351747
-927326
-590678
-393162
138245
-210707
875219
451074
109608
-79501
980111
528724
-517648
379079
-951004
77867
835297
-159280
211244
600291
-157678
-529036
-337996
-77867
-475905
629152
312107
-361918
-247829
116961
-243121
394414
836049
-565040
-935044
123414
-190454
-457525
-793788
968127
-946477
-609284
-365580
-337377
-634233
129801
